ACC
0.15219999849796295
0.27070000767707825
0.3684999942779541
0.4099999964237213
0.4350999891757965
0.46859997510910034
0.48570001125335693
0.49220001697540283
0.5011999607086182
0.5012999773025513
0.5418999791145325
0.5253000259399414
0.572700023651123
0.5807000398635864
0.59170001745224
0.5979000329971313
0.5917999744415283
0.6059999465942383
0.6073000431060791
0.6158999800682068
0.6226999759674072
0.6134999990463257
0.607200026512146
0.6148999929428101
0.6212999820709229
0.6261999607086182
0.630299985408783
0.6296000480651855
0.6261000037193298
0.6319999694824219
0.6338000297546387
0.6354000568389893
0.6360999941825867
0.635699987411499
0.6341000199317932
0.6354999542236328
0.635200023651123
0.6353999972343445
0.6366000175476074
0.6351000070571899
0.6358000040054321
0.6363999843597412
0.6373000144958496
0.6377000212669373
0.6370000243186951
0.6365000009536743
0.6363999843597412
0.6359999179840088
0.6371999979019165
0.636900007724762
0.6377999782562256
0.6377999782562256
0.6374000310897827
0.638700008392334
0.6385000348091125
0.6383000612258911
0.6376000046730042
0.6373999714851379
0.6373999714851379
0.6380000114440918
0.6383999586105347
0.6380000114440918
0.6385999917984009
0.6385999917984009
0.6389999985694885
0.6388000249862671
0.6384000182151794
0.6378999948501587
0.6381999850273132
0.6378999948501587
0.6380999684333801
0.6383999586105347
0.6392999887466431
0.6389999985694885
0.6392000317573547
0.6385999917984009
0.6381000280380249
0.6399000287055969
0.6385999917984009
0.6380999684333801
0.6378999948501587
0.638700008392334
0.6384999752044678
0.6377000212669373
0.6381999850273132
0.6378999948501587
0.6383999586105347
0.6378999948501587
0.6370999813079834
0.6380000114440918
0.6374999284744263
0.638700008392334
0.6396999955177307
0.6377999782562256
0.6386000514030457
0.6374000310897827
0.638200044631958
0.6392999887466431
0.6377999782562256
0.6378999948501587
0.565000057220459
0.6470000147819519
0.6380000114440918
0.6452000141143799
0.6115999817848206
0.6438999772071838
0.6892000436782837
0.6561000347137451
0.6670999526977539
0.6906999945640564
0.6977999806404114
0.6868000030517578
0.6944000124931335
0.6898999810218811
0.6859999895095825
0.7057000398635864
0.7123000025749207
0.7062000036239624
0.7139000296592712
0.7113999724388123
0.7102999687194824
0.7124999761581421
0.7135000228881836
0.7114999890327454
0.7116999626159668
0.7131999731063843
0.7106000185012817
0.7106999754905701
0.711899995803833
0.7103999853134155
0.7120000123977661
0.7106000185012817
0.7105000019073486
0.7111999988555908
0.7117999792098999
0.7100000381469727
0.711400032043457
0.7123000025749207
0.7113000154495239
0.7111999988555908
0.7115000486373901
0.7121999859809875
0.7122000455856323
0.7123000621795654
0.7124000191688538
0.7113999724388123
0.7115000486373901
0.7117999792098999
0.7109999656677246
0.7109999656677246
0.7110000252723694
0.7122999429702759
0.7131999731063843
0.7122000455856323
0.711400032043457
0.710800051689148
0.7109999656677246
0.7115000486373901
0.7117999792098999
0.7120999693870544
0.7122999429702759
0.7122999429702759
0.7127000093460083
0.7130000591278076
0.7116000056266785
0.7116000056266785
0.7108999490737915
0.7124999761581421
0.7116000056266785
0.7118000388145447
0.712399959564209
0.711400032043457
0.7116000056266785
0.7120000123977661
0.7111999988555908
0.7108999490737915
0.7107000350952148
0.7115000486373901
0.7119999527931213
0.7116000056266785
0.7116000056266785
0.7114999890327454
0.7130000591278076
0.7113000154495239
0.7127000093460083
0.7115000486373901
0.7116999626159668
0.7123000025749207
0.7117999792098999
0.7116000056266785
0.7117999792098999
0.711899995803833
0.7111999988555908
0.7115000486373901
0.7121999859809875
0.7113999724388123
0.7121999859809875
0.7124999761581421
0.711899995803833
0.7117999792098999
0.5929999947547913
0.6561000347137451
0.6601999998092651
0.6840000152587891
0.6911999583244324
0.7217000126838684
0.6698999404907227
0.6963000297546387
0.7210000157356262
0.7236999869346619
0.7276999950408936
0.7272000312805176
0.7315999865531921
0.7386000156402588
0.7384000420570374
0.7350000143051147
0.7360000610351562
0.7448999881744385
0.7417000532150269
0.7426999807357788
0.7437000274658203
0.7422999739646912
0.7451000213623047
0.7465000152587891
0.7454000115394592
0.7450000047683716
0.7437000274658203
0.7452999949455261
0.7453999519348145
0.746999979019165
0.7472000122070312
0.7473000288009644
0.7477999925613403
0.7473000288009644
0.7477999925613403
0.7488999962806702
0.7488000392913818
0.7481000423431396
0.7473000288009644
0.7487000226974487
0.7481000423431396
0.7472000122070312
0.7468999624252319
0.7486000061035156
0.7487000226974487
0.7480000257492065
0.7477999925613403
0.7483000159263611
0.747499942779541
0.7475999593734741
0.7468000054359436
0.7465000152587891
0.7470999956130981
0.7476999759674072
0.7466000318527222
0.7462000250816345
0.7460999488830566
0.7461000084877014
0.7462000250816345
0.7484999895095825
0.747700035572052
0.7472000122070312
0.746999979019165
0.7466999888420105
0.746399998664856
0.746999979019165
0.7452999949455261
0.74590003490448
0.7465000152587891
0.746399998664856
0.7466999888420105
0.7483999729156494
0.7473000288009644
0.7476999759674072
0.746999979019165
0.7466999292373657
0.7472999691963196
0.7472000122070312
0.7458000183105469
0.7457000017166138
0.7468999624252319
0.7459999322891235
0.746399998664856
0.7466999888420105
0.7472999691963196
0.7484999895095825
0.7470999956130981
0.7468000650405884
0.7468000054359436
0.7467000484466553
0.7470999956130981
0.7470999956130981
0.7468999624252319
0.7484999895095825
0.7472000122070312
0.746999979019165
0.7468000054359436
0.7466999888420105
0.746999979019165
0.7466000318527222
0.6025000214576721
0.552899956703186
0.7102000117301941
0.6842000484466553
0.7226999998092651
0.7124999761581421
0.7325999736785889
0.7278000116348267
0.7412999868392944
0.7432000041007996
0.7466999888420105
0.7513999938964844
0.7395000457763672
0.7468999624252319
0.757099986076355
0.7497999668121338
0.7534999847412109
0.7547000646591187
0.7515000104904175
0.7560999989509583
0.7554999589920044
0.7556999921798706
0.7573000192642212
0.7580999732017517
0.7565000057220459
0.7575000524520874
0.7568999528884888
0.7589999437332153
0.7595999836921692
0.7595000267028809
0.7590999603271484
0.758899986743927
0.7574000358581543
0.7594000101089478
0.7599000334739685
0.7583000063896179
0.7595000267028809
0.7591999769210815
0.759600043296814
0.760699987411499
0.7597000002861023
0.759600043296814
0.7590999603271484
0.7591000199317932
0.7598999738693237
0.7594000101089478
0.7599999904632568
0.7603000402450562
0.7602999806404114
0.7609000205993652
0.7601000070571899
0.7599999904632568
0.7605000138282776
0.7595000267028809
0.7599999904632568
0.7601000070571899
0.7594000101089478
0.7604000568389893
0.7594000101089478
0.7590999603271484
0.7601000070571899
0.7605999708175659
0.7590999603271484
0.7604999542236328
0.760200023651123
0.7606000304222107
0.7590000033378601
0.7605000138282776
0.7604000568389893
0.7599999904632568
0.7598999738693237
0.7597000002861023
0.7597999572753906
0.761199951171875
0.7597000598907471
0.7584999799728394
0.7598000168800354
0.7597999572753906
0.760699987411499
0.7591999769210815
0.7603999972343445
0.7598000168800354
0.7602999806404114
0.7592999935150146
0.7605999708175659
0.7608000040054321
0.7597999572753906
0.759600043296814
0.7592999935150146
0.7598999738693237
0.7598999738693237
0.7609000205993652
0.7601000070571899
0.760699987411499
0.7605999708175659
0.760699987411499
0.7609000205993652
0.7599999904632568
0.760200023651123
0.7601000070571899
0.5250999927520752
0.6805999875068665
0.652899980545044
0.7187000513076782
0.7323999404907227
0.6935999989509583
0.727400004863739
0.7469000220298767
0.7565000057220459
0.7565999627113342
0.7544000148773193
0.7663999795913696
0.7526999711990356
0.7612999677658081
0.7670000195503235
0.7645000219345093
0.7669000029563904
0.7682999968528748
0.7588000297546387
0.7676000595092773
0.7699999809265137
0.7696000337600708
0.7704000473022461
0.7706999778747559
0.7702000141143799
0.7704999446868896
0.7688000202178955
0.7710000276565552
0.7720999717712402
0.7719000577926636
0.7718000411987305
0.7720999717712402
0.7710999846458435
0.7700999975204468
0.7704000473022461
0.7698999643325806
0.7714999914169312
0.772599995136261
0.7727000117301941
0.7724999785423279
0.7734999656677246
0.773300051689148
0.7731000185012817
0.773300051689148
0.7736999988555908
0.7719000577926636
0.7732999920845032
0.7726000547409058
0.773300051689148
0.7718999981880188
0.7734000086784363
0.7728999853134155
0.7719999551773071
0.7730000019073486
0.7725000381469727
0.7734000086784363
0.7734999656677246
0.7731999754905701
0.773900032043457
0.7725999355316162
0.7723000049591064
0.7715000510215759
0.7735000252723694
0.7730000019073486
0.7734999656677246
0.7733999490737915
0.7724000215530396
0.7732000350952148
0.7728999853134155
0.7735999822616577
0.7726999521255493
0.7732999920845032
0.7733999490737915
0.7736000418663025
0.7727000713348389
0.7724000215530396
0.7710000276565552
0.7738999724388123
0.7728999853134155
0.7729000449180603
0.7738000154495239
0.7728999853134155
0.7732999920845032
0.7728999853134155
0.7738000154495239
0.7724000215530396
0.7734000086784363
0.7733999490737915
0.7739999890327454
0.7746000289916992
0.7718999981880188
0.7738000154495239
0.7738000154495239
0.7738000154495239
0.7733999490737915
0.7736999988555908
0.7732000350952148
0.7724000215530396
0.7719000577926636
0.7734999656677246
0.6144000291824341
0.6227999925613403
0.7120000123977661
0.7060999870300293
0.7421000003814697
0.6525999903678894
0.7339000701904297
0.7438000440597534
0.7689000368118286
0.7710000276565552
0.770799994468689
0.7656999826431274
0.7805999517440796
0.7726999521255493
0.7785999774932861
0.7642999887466431
0.7716000080108643
0.7782000303268433
0.7800999879837036
0.7797999382019043
0.7797000408172607
0.7797999978065491
0.7773000001907349
0.7785999774932861
0.7792999744415283
0.7790000438690186
0.7831000089645386
0.7827000021934509
0.7815999984741211
0.7811999320983887
0.781000018119812
0.7815999984741211
0.7797000408172607
0.7804999947547913
0.783500075340271
0.7815999984741211
0.7821000218391418
0.7827000021934509
0.7836999893188477
0.7833999991416931
0.7824999690055847
0.782200038433075
0.7813999652862549
0.7822999954223633
0.7825000286102295
0.7827999591827393
0.7813999652862549
0.7815999984741211
0.7839999794960022
0.7825000286102295
0.7821000218391418
0.7822999954223633
0.7835000157356262
0.7814000248908997
0.7831000089645386
0.7821999788284302
0.7825000286102295
0.782599925994873
0.7825000286102295
0.7817000150680542
0.7826000452041626
0.7839000225067139
0.7831000089645386
0.781999945640564
0.7824000120162964
0.7830000519752502
0.7827000617980957
0.78329998254776
0.7825000286102295
0.7834999561309814
0.7842999696731567
0.7817000150680542
0.7832000255584717
0.7821999788284302
0.7831000089645386
0.7825000286102295
0.7818000316619873
0.7819000482559204
0.7832000255584717
0.782800018787384
0.7819000482559204
0.7831000089645386
0.7832000255584717
0.7824000120162964
0.7821999788284302
0.7819000482559204
0.7814000248908997
0.781000018119812
0.7827000021934509
0.7839000225067139
0.7824999690055847
0.7821000218391418
0.7822999954223633
0.781499981880188
0.7833000421524048
0.782200038433075
0.7821000218391418
0.7825999855995178
0.7818999886512756
0.781499981880188
0.6367999315261841
0.6004999876022339
0.6524999737739563
0.6371999979019165
0.7096999883651733
0.7415000200271606
0.7369999885559082
0.7451000213623047
0.7488000392913818
0.7451000213623047
0.7533999681472778
0.7670000195503235
0.7375999689102173
0.7815999984741211
0.7797999978065491
0.7811999917030334
0.7809000015258789
0.7818000316619873
0.7799999713897705
0.784600019454956
0.7851999998092651
0.7855000495910645
0.7860000133514404
0.7861000299453735
0.785599946975708
0.7863999605178833
0.788599967956543
0.7897999882698059
0.7874000072479248
0.7865999937057495
0.7870999574661255
0.7882000207901001
0.7888000011444092
0.788100004196167
0.7888000011444092
0.7889000177383423
0.7900999784469604
0.7894999980926514
0.7886999845504761
0.7889000177383423
0.7901999950408936
0.789199948310852
0.788599967956543
0.7904000282287598
0.7904000282287598
0.7903000116348267
0.7890999913215637
0.7897999882698059
0.7889999747276306
0.7900999784469604
0.789099931716919
0.7912999987602234
0.789900004863739
0.7905000448226929
0.7890000343322754
0.7897999882698059
0.7892000079154968
0.7908999919891357
0.7900999784469604
0.7906000018119812
0.790600061416626
0.7905999422073364
0.7889000177383423
0.790399968624115
0.7900999784469604
0.7901999950408936
0.7904999852180481
0.789900004863739
0.7895999550819397
0.7896000146865845
0.7905000448226929
0.7900999784469604
0.7898000478744507
0.7897999286651611
0.7903000116348267
0.7894999980926514
0.7901999950408936
0.7886999845504761
0.789199948310852
0.7889999747276306
0.7906000018119812
0.7912000417709351
0.7904999852180481
0.7913999557495117
0.7898000478744507
0.7898000478744507
0.7890999913215637
0.7912999987602234
0.7900999784469604
0.7899999618530273
0.7889000177383423
0.7897000312805176
0.789199948310852
0.7899999618530273
0.7907999753952026
0.789900004863739
0.7903000116348267
0.7892999649047852
0.7900999784469604
0.7892000675201416
0.4724000096321106
0.6621000170707703
0.7391000390052795
0.6809000372886658
0.7149999737739563
0.7365000247955322
0.7573000192642212
0.7531999945640564
0.7782000303268433
0.7541000247001648
0.7867000102996826
0.7498999834060669
0.7785000205039978
0.7840999960899353
0.7804999947547913
0.7898999452590942
0.7778000235557556
0.7860000133514404
0.7899999618530273
0.7888000011444092
0.7865999937057495
0.7894999980926514
0.7932000160217285
0.7908999919891357
0.7926000356674194
0.7934999465942383
0.7893000245094299
0.7906999588012695
0.7926999926567078
0.7920000553131104
0.7922999858856201
0.7937999963760376
0.7924000024795532
0.7934000492095947
0.7928999662399292
0.7944999933242798
0.7935000061988831
0.7935999631881714
0.7947999835014343
0.7946000099182129
0.7950999736785889
0.7948000431060791
0.7932000160217285
0.7936999797821045
0.7936999797821045
0.7927999496459961
0.7918000221252441
0.7926999926567078
0.7946000099182129
0.79339998960495
0.7937000393867493
0.7914000153541565
0.7929999828338623
0.7932999730110168
0.7928000092506409
0.7948999404907227
0.7937999963760376
0.79339998960495
0.7925000190734863
0.7919999957084656
0.7924000024795532
0.7942999601364136
0.7932000160217285
0.7936000227928162
0.795799970626831
0.7930999994277954
0.7928999662399292
0.7944999933242798
0.7942999601364136
0.7939000129699707
0.7941000461578369
0.7936000227928162
0.7932000160217285
0.7946999669075012
0.7928999662399292
0.7930999994277954
0.7932000160217285
0.7940000295639038
0.7939000129699707
0.7922999858856201
0.7919000387191772
0.7928999662399292
0.7936000227928162
0.7948000431060791
0.7930999994277954
0.7928000688552856
0.7945000529289246
0.7928999662399292
0.7931999564170837
0.7939000129699707
0.7939000129699707
0.7928999662399292
0.7949000000953674
0.7943999767303467
0.7929999828338623
0.7929999828338623
0.7929999828338623
0.7924000024795532
0.7920999526977539
0.7932000160217285
0.4632999897003174
0.63919997215271
0.5827999711036682
0.4369000196456909
0.6266999840736389
0.7510999441146851
0.7294999957084656
0.7387999892234802
0.7519999742507935
0.7615000009536743
0.6870999932289124
0.7559999227523804
0.7831000089645386
0.7838000059127808
0.7680000066757202
0.7822999954223633
0.7845999598503113
0.7903000116348267
0.7903000116348267
0.7879999876022339
0.7842999696731567
0.789199948310852
0.7910000085830688
0.7947999835014343
0.7973999977111816
0.7949000000953674
0.7937999963760376
0.7958999872207642
0.7963999509811401
0.7967000007629395
0.7955999970436096
0.7955000400543213
0.7955000400543213
0.7971999645233154
0.795199990272522
0.7949000000953674
0.7961000204086304
0.7962999939918518
0.7962000370025635
0.7965999841690063
0.7960000038146973
0.7954999804496765
0.7954000234603882
0.7958000302314758
0.7960000038146973
0.7934999465942383
0.7941000461578369
0.7949000000953674
0.7951000332832336
0.7957000136375427
0.7960000038146973
0.7958000302314758
0.7964000701904297
0.7964000105857849
0.7969000339508057
0.7948999404907227
0.7947999835014343
0.795699954032898
0.7949999570846558
0.7944999933242798
0.7962000370025635
0.7954000234603882
0.7953000068664551
0.7958000302314758
0.7971999645233154
0.795799970626831
0.7969000339508057
0.7962999939918518
0.7946000099182129
0.7947999835014343
0.7954000234603882
0.794700026512146
0.796999990940094
0.7956000566482544
0.7953999638557434
0.7958999872207642
0.7947999835014343
0.795199990272522
0.7959999442100525
0.7967000007629395
0.7969000339508057
0.7969000339508057
0.7962999939918518
0.7958999872207642
0.7973999977111816
0.7961000204086304
0.794700026512146
0.7968999743461609
0.7949999570846558
0.7949000597000122
0.7958999872207642
0.7961000204086304
0.7962000370025635
0.7960000038146973
0.7946000099182129
0.7964000105857849
0.7955999374389648
0.7963000535964966
0.7937000393867493
0.7950999736785889
0.3228999972343445
0.5498000383377075
0.2506999969482422
0.19780001044273376
0.6990000009536743
0.6851999759674072
0.6730999946594238
0.6279000043869019
0.732200026512146
0.7269999980926514
0.7477999925613403
0.625
0.7777000069618225
0.7698000073432922
0.79339998960495
0.7760999798774719
0.7799000144004822
0.7892999649047852
0.7980000376701355
0.7649000287055969
0.7431000471115112
0.7967000007629395
0.7993999719619751
0.7944999933242798
0.778499960899353
0.7976000308990479
0.7963000535964966
0.7896000146865845
0.7963000535964966
0.7893999814987183
0.7964999675750732
0.7971000075340271
0.7961999773979187
0.7989000082015991
0.7976000308990479
0.798799991607666
0.8004000186920166
0.7997000217437744
0.7972999811172485
0.7996000051498413
0.7971999645233154
0.7989000082015991
0.7993999719619751
0.7977999448776245
0.798799991607666
0.7976000308990479
0.798799991607666
0.8005999326705933
0.800000011920929
0.7998999953269958
0.8003000020980835
0.7997999787330627
0.8009999990463257
0.7997000217437744
0.8013999462127686
0.8014000058174133
0.8012999892234802
0.8011999726295471
0.7997000217437744
0.7996999621391296
0.7996000051498413
0.8004000186920166
0.7993000149726868
0.8014000058174133
0.7998999357223511
0.7994000315666199
0.8020999431610107
0.8013999462127686
0.801800012588501
0.8019000291824341
0.8000999689102173
0.801800012588501
0.8007999658584595
0.8009999990463257
0.7994999885559082
0.8009000420570374
0.8019000291824341
0.8005000352859497
0.8016999959945679
0.8007999658584595
0.8018999695777893
0.800000011920929
0.8001999855041504
0.8012999296188354
0.8003000020980835
0.7994999885559082
0.8001999855041504
0.8013999462127686
0.7979999780654907
0.7997000217437744
0.8019000291824341
0.8014999628067017
0.8014000058174133
0.800000011920929
0.8006000518798828
0.8012999892234802
0.7996000051498413
0.8009999990463257
0.800599992275238
0.8009999990463257
LOSS
2.288706567764282
2.1824967803955078
2.0176570158004763
1.83147132396698
1.6993949403762818
1.5506317129135132
1.4476164827346802
1.36821155834198
1.2962423963546752
1.2163359365463258
1.1553580369949341
1.1119426383972169
1.061710835456848
1.004527645111084
0.9746572089195251
0.9378767037391662
0.9164028873443604
0.8930145235061645
0.8642611651420593
0.8415111060142517
0.8278382148742676
0.8154916400909424
0.7952167463302612
0.7838084826469421
0.7727764873504639
0.7523369946479798
0.7462604169845581
0.7571773328781128
0.7273469705581666
0.7175640764236451
0.7195280284881592
0.7104334559440613
0.6903444066047668
0.6868326377868652
0.6823249940872192
0.6909870929718017
0.6818337702751159
0.6734583959579468
0.6833008098602295
0.6747134819030761
0.6619196910858154
0.6709828133583069
0.6793987421989441
0.6487854571342468
0.6626426086425782
0.6565590839385986
0.6615041542053223
0.643406946182251
0.6542826728820801
0.6647240362167358
0.6606893458366394
0.6714345598220826
0.6663549070358277
0.6570611910820008
0.6464280691146851
0.6681851253509522
0.644027913570404
0.6454601125717163
0.6457305483818054
0.6482876796722412
0.6464385776519775
0.6403428788185119
0.6493939995765686
0.6512492632865906
0.6546549506187439
0.6537134528160096
0.6464467597007751
0.6597892198562622
0.6389204316139221
0.6337567634582519
0.6535211062431335
0.663722243309021
0.633253092288971
0.6535604538917541
0.6462094054222107
0.6400708136558533
0.634450074672699
0.6580599155426026
0.6434453892707824
0.6562704162597657
0.6557466893196106
0.6489166159629822
0.6441624493598938
0.6379268221855163
0.6470399770736694
0.6334648609161377
0.6397832021713257
0.6557232503890991
0.6573265256881714
0.6625948882102967
0.6550314974784851
0.6610525536537171
0.6658472123146058
0.6508046441078186
0.6499654822349549
0.6495612649917603
0.6479846229553222
0.6534036974906922
0.6521179370880127
0.659035493850708
1.2669668588638305
0.9489639205932617
0.8298682651519775
0.7215316619873047
0.666917718410492
0.6011285300254822
0.5026338798999787
0.47683865642547607
0.42415371680259706
0.37203230571746826
0.34883764028549197
0.32070348238945007
0.29175139164924624
0.27612618708610537
0.27602768230438235
0.23125623822212218
0.2224312219619751
0.2096956512928009
0.21135903692245483
0.18804707872867585
0.18540109515190126
0.17650551998615266
0.16833595323562622
0.15773366594314575
0.15216952466964723
0.15565710580348968
0.14569290232658386
0.13974798357486726
0.1367742496728897
0.1312985806465149
0.14214117407798768
0.13434561371803283
0.13331697869300843
0.12968929219245912
0.13680348598957062
0.13180121970176698
0.12793030565977095
0.12409938210248947
0.12126373964548111
0.10761330723762512
0.12432094395160675
0.11830976569652557
0.12113418573141098
0.11076491796970367
0.12352812135219574
0.1193652845621109
0.1175245944261551
0.12502421140670777
0.11363357084989548
0.11122921538352966
0.1120795186161995
0.11427823162078857
0.1174749806523323
0.11957597482204438
0.1206677919626236
0.11693736076354981
0.11748505783081055
0.10994488334655762
0.11596423244476319
0.1071506608724594
0.11386011224985122
0.10457885563373566
0.11096875661611558
0.11724253922700882
0.11950181192159652
0.11091433751583099
0.11198971873521804
0.1082085188627243
0.11644169157743454
0.12182213032245635
0.11615608483552933
0.11757226264476776
0.11360696923732758
0.11747638988494873
0.10987950539588928
0.10330929750204086
0.11074702608585357
0.11230286818742752
0.10834762275218963
0.10881119757890702
0.11274356698989868
0.116681436419487
0.113249192237854
0.11708416950702667
0.11933294570446014
0.10751338171958923
0.10964779531955719
0.11052744954824448
0.11822158992290496
0.11700886923074723
0.11583443129062652
0.11334311735630036
0.11007884705066681
0.13046852272748946
0.1194463216662407
0.1108779118657112
0.11234467482566833
0.11517769837379456
0.1191615048646927
0.10184332913160324
1.1899842716852824
0.7118645032246907
0.5811073743502299
0.44580422933896385
0.4087349677880605
0.3809340267976125
0.33722271490097044
0.2829030628999074
0.2525570372740428
0.2084797545671463
0.19234865911801657
0.21829925747712453
0.17207474799950917
0.15777016643683114
0.13094169608751932
0.13641886814435322
0.13705751045544942
0.10418715333938598
0.10555336381991705
0.10227517529328664
0.09789176539580027
0.09333424141009648
0.08860787320137024
0.0902704473733902
0.08447980910539626
0.09106572351853053
0.09021430625518163
0.07907224373022716
0.07893281683325767
0.08723140770196915
0.08091991613308588
0.07630948024988174
0.06809189597765605
0.07047666982809703
0.07244677013158798
0.07130544545253117
0.0665205550789833
0.06791585359970728
0.0632505894502004
0.07256696655352911
0.05649328186114629
0.06627654739220937
0.0684710857073466
0.06072364530960719
0.07096533773342768
0.06467612690726916
0.05851237636804581
0.06683311841885249
0.06383772134780884
0.06366518964370092
0.0603405621945858
0.06312179986635844
0.0633154823978742
0.06407805199424425
0.06326441498597463
0.06531669473648072
0.06181941016515096
0.06256104777256648
0.06243014430503051
0.06028072567780812
0.06556440838177999
0.05429525939623515
0.05913295102119446
0.06343663614988328
0.061417492667833966
0.06291914678613345
0.06256025228897731
0.056500676731268566
0.058702970703442894
0.0645008451739947
0.07000500724713007
0.05978487873077393
0.06673787726958592
0.057009085277716316
0.06388895187775294
0.0629535227616628
0.060881854176521304
0.06485742634534836
0.06654481391112009
0.06102896617849668
0.06447367739677429
0.0651706680059433
0.060799636820952095
0.06111885832746824
0.06087995175520579
0.06618750355641047
0.06197604638338089
0.06205710456768672
0.06681156080961227
0.05924582930405935
0.06686895861228308
0.062023566434780755
0.05653024669488271
0.06454365262389183
0.05663245858748754
0.06602782494823138
0.05128041849533717
0.052398371070623395
0.05906843474507332
0.0582156529823939
0.8979323101043701
0.529776319026947
0.4380372738838196
0.34945480394363404
0.32053395819664
0.27201665997505187
0.24503409159183503
0.20927857446670534
0.19753709197044372
0.17345252895355226
0.16094138824939727
0.12571450036764145
0.10868628191947936
0.10909670352935791
0.09516335010528565
0.0926537972688675
0.08326292252540589
0.09027253127098084
0.0744389500617981
0.07313703405857086
0.07213371363282203
0.0658036390542984
0.06197361814975739
0.05929944235086441
0.062387801110744476
0.0554572514295578
0.05537789177894592
0.04967124047875404
0.0455854329764843
0.04388176903128624
0.05099087628722191
0.05105742061138153
0.0468547191619873
0.04905271911621094
0.0423601647913456
0.04313202938437462
0.042976663380861285
0.04386084026098251
0.04225091944634914
0.04497493332624435
0.04124929881095886
0.04437876257300377
0.03903840321302414
0.037901803314685824
0.036812402948737145
0.04211666813492775
0.04437658596038818
0.04850095620751381
0.04451262816786766
0.0405777086019516
0.03764730694890022
0.04133255490660667
0.04359493717551231
0.03989248016476631
0.035881627082824705
0.035941569715738295
0.041841430723667146
0.04013924247026444
0.042487538695335385
0.04208555662631989
0.03800821560621261
0.03774890625476837
0.03931941542029381
0.03951961266994476
0.03816961742937565
0.041669672310352325
0.045482252299785614
0.0396462032198906
0.04044549822807312
0.038053558558225634
0.042678916722536084
0.04294115173816681
0.039195087045431135
0.04062887233495712
0.041190705120563505
0.04329728484153748
0.04064080461859703
0.04046615993976593
0.03783559840917587
0.03471072697639465
0.038984865307807925
0.04179630833864212
0.040357270538806916
0.03644516250491142
0.039140741288661955
0.036371078431606294
0.04035878986120224
0.038633502930402755
0.04131642973423004
0.03865732342004776
0.040281435549259184
0.042472786635160444
0.03765866732597351
0.039048196643590924
0.03928046336770058
0.03934576214849949
0.04055162584781647
0.042287963688373564
0.04364932098984718
0.04200893878936768
0.7171657653808594
0.4780254806995392
0.36023572654724123
0.29449255027771
0.26723466663360596
0.21665519981384276
0.20130114407539368
0.1882010528087616
0.1515006214618683
0.1245730442404747
0.10756564011573791
0.10620303659439087
0.0894826687335968
0.09357350059747696
0.08344760064482688
0.07947523807287216
0.057162923479080203
0.06282561209201813
0.0624090669631958
0.060320898675918576
0.055004731154441835
0.051516570061445235
0.04759537191987038
0.04645434332489967
0.04960927653312683
0.03494380680322647
0.049024947082996366
0.04434662780761719
0.04048778578042984
0.04051773598194122
0.041572115933895114
0.035900067389011386
0.03673620720207691
0.0433142680644989
0.03405768436193466
0.03088115512728691
0.030930556976795198
0.03248038429617882
0.029768980556726457
0.0346360148191452
0.0347317538946867
0.03230104886889458
0.032006927245855334
0.036894097739458086
0.03572175576090813
0.035894322752952575
0.03156568602323532
0.036711797380447386
0.03372283574342728
0.030919313430786133
0.03217483923435211
0.035000627982616425
0.03493993623256683
0.03704238133430481
0.03469211626946926
0.039517114502191544
0.03372653457522392
0.03679524965286255
0.0323008746817708
0.03371917397677898
0.02974065318107605
0.03397865065932274
0.03156422955989838
0.030692449694871903
0.03460215483903885
0.037678511554002765
0.038268128901720044
0.03332707159519196
0.02839175053834915
0.031438428500294685
0.03414066948890686
0.032724816220998765
0.032685731893777846
0.03550113139748573
0.03660620301365852
0.03183378195166588
0.03695040869116783
0.03318601756095886
0.03239624727666378
0.035360559856891634
0.03362952233552933
0.03600499039888382
0.03417004215121269
0.03448833923339844
0.03152479985952377
0.03713152722716331
0.030899673292040825
0.02999215021133423
0.03572455430030823
0.03346585723161698
0.03185271392464638
0.036148676735162734
0.033018533498048785
0.03802993428111076
0.031533555394411085
0.03490999319553375
0.0325769767165184
0.03346594040393829
0.029626082357764243
0.03474270613789558
0.6012179751396179
0.36894034886360166
0.32021222066879274
0.2762368559439977
0.216677858432134
0.18534917489687602
0.1811307546297709
0.1438488552570343
0.12070108352104823
0.10601683386166891
0.09732301447788874
0.08401027572154998
0.07700577997167905
0.0668664577404658
0.06691937226057053
0.062271716276804605
0.058324972728888196
0.055670973499615986
0.04676029461622238
0.04171336708466212
0.04424772371848424
0.04767834608256817
0.04477334040403366
0.03625091701745987
0.03115221001704534
0.03219346804668506
0.03081977444887161
0.03398721808195114
0.0351149055759112
0.03214938866098722
0.03081205780307452
0.028673969015479087
0.031519627551237744
0.03259280589222908
0.02680519416928291
0.026651830236117044
0.028682371308406195
0.027154195288817087
0.027442524746060373
0.027163275231917697
0.031003670831521352
0.03012121562163035
0.026778020322322845
0.025446094652016957
0.027033184140920638
0.02641597173611323
0.0226798049112161
0.0279627812008063
0.030571990236639975
0.026868287285168966
0.02540337562561035
0.02458553281178077
0.02634907760222753
0.026419676110148428
0.025811741575598717
0.025986445566018423
0.02698490771651268
0.02671786958972613
0.03017336051662763
0.024494973575075466
0.024869960735241572
0.02293169624606768
0.02345253291229407
0.026946197604139646
0.022924338082472483
0.0259963192542394
0.028762549395362536
0.02532290523747603
0.0248616270100077
0.02542356328169505
0.027820225338141123
0.025583035250504812
0.025722384278972943
0.026707794127364952
0.027586183885733286
0.026110762941340605
0.02380803002913793
0.03118041014671326
0.030402062803506852
0.02571399169166883
0.026367526868979137
0.030090701282024384
0.023842832356691362
0.02649843360980352
0.024352059277395408
0.02599503168463707
0.02536717992524306
0.024051844348510105
0.025785822123289108
0.027099767088890076
0.02636444882551829
0.028593578139940897
0.023442171710232895
0.02744796562194824
0.02645761161049207
0.023098395933707556
0.03022294561068217
0.02496869463721911
0.025106440722942353
0.025946806480487188
0.5198461937904358
0.3199014330591474
0.2785361420086452
0.22934006925991604
0.20304731718131475
0.15882908924988337
0.14633129455362048
0.13968229722976686
0.11765795986992972
0.09680713042191097
0.08665947604179382
0.08349330646651132
0.07495276161602565
0.0659231230701719
0.05245748568432672
0.0501417880994933
0.04554819488738265
0.04568802659852164
0.03982593580654689
0.039795815103820395
0.04133007134710039
0.03533923852443695
0.03975965117556708
0.03492627524478095
0.033321781873703
0.031037108753408704
0.032917182841471264
0.0277572575041226
0.030607595443725585
0.025544470863682882
0.02921151236976896
0.02844105762030397
0.026174742306981767
0.029225083810942513
0.025971087166241236
0.02680741835279124
0.027134404997740474
0.02203275169645037
0.025823116208825794
0.026686260715126992
0.02828932945217405
0.024072705801044193
0.025794956931046078
0.02387965307491166
0.02560489533628736
0.021382083892822267
0.025798174142837523
0.020721943758428098
0.027479927782501492
0.025322086802550724
0.025612229579261372
0.024799690172076224
0.021146076687744684
0.024237552923815592
0.0199642011650971
0.023324920564889908
0.022767905418361937
0.023024053806705136
0.024789522196565356
0.022562846962894713
0.026271868212946824
0.025497034971203123
0.024324700896229064
0.023540990828403406
0.022494745331151145
0.026152299595730646
0.021802348860672543
0.025204358207327977
0.026152141472058636
0.026864364887986863
0.02646595109786306
0.023917735538312366
0.023495435489075525
0.02527804784263883
0.022673351279326848
0.027585328268153325
0.024749039926699228
0.020900745056569577
0.02236000713280269
0.027624687228884014
0.02385178308295352
0.02157878839969635
0.024312208614179067
0.022779103711247445
0.023298289213861737
0.023799072461468833
0.025961260889257702
0.026799274172101702
0.020119339382009847
0.025147025018930434
0.024812584519386293
0.026779674555574146
0.02281285129061767
0.0256154097701822
0.022878573315484183
0.02477639487279313
0.026175713960613523
0.021417963151420867
0.0274771639747279
0.026215214280145508
0.4995463287830353
0.3287108256816864
0.25372753804922105
0.20543543684482574
0.1806495749950409
0.15436708569526672
0.14634269058704377
0.10928816497325897
0.10072545266151428
0.09010617554187775
0.08784623977541924
0.06689496099948883
0.07585701209306717
0.06623777443170548
0.05916776776313782
0.044118708908557895
0.043184448480606076
0.04480966752767563
0.04520667678117752
0.044846900343894956
0.04216268646717072
0.03448367241024971
0.032172993928194046
0.0310628402531147
0.036079015523195264
0.03637399938702583
0.032036533534526825
0.028436535477638244
0.028470792979002
0.026846668869256973
0.02165738305449486
0.02776024204492569
0.026047096252441407
0.023864325635135172
0.02568952842056751
0.02471512360870838
0.024015916272997855
0.025834097616374493
0.021016373336315154
0.025047644525766372
0.025347986251115798
0.026896576404571534
0.02382010465860367
0.029167502611875534
0.02270105218887329
0.027674837857484817
0.023804933428764344
0.022046476006507873
0.022295971482992172
0.02312490639090538
0.024085579473525284
0.023704928442835806
0.02658911693096161
0.022044023603200912
0.025443990245461463
0.02368195419758558
0.022755273327231408
0.019630353793501854
0.02291477121412754
0.021860887631773948
0.01991699270904064
0.023458411782979964
0.019826929539442064
0.022242256700992585
0.02177042233943939
0.02011373743414879
0.025512325525283812
0.023234092518687247
0.024596108481287956
0.021057000905275344
0.02255217334628105
0.026958871871232987
0.021311678141355515
0.022893273219466208
0.026682158082723617
0.02436492595076561
0.02049922327697277
0.02218456356227398
0.020932387843728067
0.021500830579549074
0.020019558027386666
0.02367671924829483
0.023154724061489104
0.0247652630507946
0.02271355704963207
0.0220005357414484
0.020845880329608917
0.021471745386719705
0.024416887283325195
0.02553158104419708
0.023035859972238542
0.023200371652841566
0.02507722696661949
0.020241138726472853
0.021042517513036728
0.024247882939875127
0.025496639877557754
0.02285471126437187
0.022265867859125137
0.027635387510061265
0.4105350249343448
0.3291471331384447
0.273985845790969
0.21134875689612495
0.21208976104524402
0.18727917495038773
0.13854911279678345
0.13174446603986953
0.10872102642059327
0.10480427360534668
0.08902616169717577
0.0927754412094752
0.07362146067619324
0.06474003072579702
0.06706857036219703
0.05693775035275353
0.05184218617280324
0.04680859218703376
0.03791385963228014
0.03799563361538781
0.04051255941390991
0.04139770238267051
0.038784656551149155
0.03629906551705466
0.03604586471451653
0.03168398324317402
0.03205476297272576
0.03120175337129169
0.03148558224406507
0.030025780969195896
0.03076290465725793
0.0282054819199774
0.025438877046108244
0.02580272126860089
0.02666034118996726
0.023615943514638478
0.025944117900398043
0.026204076998763613
0.025017429848512015
0.023796782441437243
0.024656136631965638
0.028566681131720544
0.022628557874096764
0.022659775719046593
0.026457838786972894
0.025679921832349566
0.0244211648106575
0.02721452881892522
0.02375810210572349
0.024893530402746465
0.024794685072369045
0.026297896458042994
0.024644434094429016
0.023284759077760907
0.023183237087395458
0.02366515254974365
0.022742680013179778
0.024529986321926118
0.025586121400197347
0.02266337674525049
0.024837653352154626
0.021703739523887634
0.026485952145523496
0.021931727866331737
0.022702127496401468
0.027625143895546597
0.02675194612476561
0.026004954225487178
0.021420800387859346
0.02407435134715504
0.023937634670072132
0.02244126224435038
0.025399463802576065
0.023509729531076218
0.02316293517417378
0.0238815206223064
0.02044297774632772
0.02484930405517419
0.025256319602330525
0.02731608091460334
0.02305199628406101
0.022883888509538437
0.020808018154568144
0.024223977704842886
0.02118878404961692
0.024913204630215964
0.02368089993794759
0.023789391620291603
0.02304650300078922
0.022263463442524275
0.022910680611928302
0.019764910168117947
0.023557041578822664
0.02464097018705474
0.02365966287586424
0.021828715476724835
0.022183967027399276
0.022072373575634425
0.020957889374759463
0.025105675220489503
0.35422226977348326
0.502067436003685
0.2999602074146271
0.37529976358413697
0.4350091704368591
0.22110947058200836
0.18980767782926558
0.1694269305229187
0.17979553623199462
0.12736397798061372
0.1273359855890274
0.11093660259246826
0.15592380957603455
0.09094322009086608
0.08884633064121007
0.07346107065677643
0.07926771850585937
0.06744768238067626
0.06187031589001417
0.05624246535301208
0.060267360496521
0.0819345339000225
0.05089965981543064
0.05099158964157104
0.04778372964859009
0.05850381576418877
0.04848590667247772
0.040908697056770325
0.04809986753463745
0.04199371600151062
0.04435611257553101
0.04312277507781982
0.03901211681365967
0.03594742569923401
0.04292521690130234
0.04022311728000641
0.03740421311855316
0.03926751415729523
0.035972314262390136
0.037389163303375245
0.03927078855037689
0.04127618207931519
0.036148489725589754
0.043421510601043704
0.031842352974414824
0.03270210387706757
0.036190292930603024
0.03577581825256348
0.03444651234149933
0.034327999830245974
0.031648804354667666
0.033617977619171145
0.0333832190990448
0.03143643088340759
0.0316465409040451
0.03261160140037537
0.034962510108947756
0.033135038137435915
0.03265520658493042
0.034630892634391786
0.03803658595085144
0.03281076738834381
0.035761365365982054
0.03137187142372131
0.034429242347180845
0.03375260598659515
0.031527188658714296
0.032772646450996396
0.030366995179653168
0.035671134757995604
0.03168953909873962
0.032014485740661625
0.03073526921272278
0.033462106943130496
0.03290127476453781
0.031165961456298828
0.032844015097618105
0.032590712022781375
0.030653710627555848
0.031643794333934785
0.03646842367649079
0.03373607724308968
0.03525362169146538
0.03246578092575073
0.03281859855651856
0.032565642428398135
0.034217201948165896
0.033477920889854434
0.03359993724822998
0.03360358882695436
0.03083195620775223
0.030917352533340454
0.033952775400876996
0.03209880784749985
0.033344618821144104
0.0325665094435215
0.03459908868074417
0.03192403450012207
0.03126665232181549
0.033464930534362794