ACC
0.10940000414848328
0.18950000405311584
0.21119999885559082
0.23420001566410065
0.2630000114440918
0.29339998960494995
0.3125999867916107
0.3396000266075134
0.35899999737739563
0.3831999897956848
0.40570002794265747
0.4252999722957611
0.43650004267692566
0.44669997692108154
0.46539998054504395
0.4762999713420868
0.4895000159740448
0.5022000074386597
0.5143000483512878
0.5224000215530396
0.5336999893188477
0.5440999865531921
0.5575000047683716
0.5759999752044678
0.5823999643325806
0.5867000818252563
0.588699996471405
0.590999960899353
0.590499997138977
0.5915000438690186
0.5920000076293945
0.5921000242233276
0.593999981880188
0.593999981880188
0.5951999425888062
0.5968000292778015
0.5974999666213989
0.5986000299453735
0.5972999930381775
0.5999000072479248
0.6026000380516052
0.602400004863739
0.6018999814987183
0.6041000485420227
0.6032000184059143
0.604699969291687
0.6053999662399292
0.6050000190734863
0.6068999767303467
0.607200026512146
0.6141999959945679
0.6355999708175659
0.6482000350952148
0.6511000394821167
0.6662999987602234
0.6814000010490417
0.6875000596046448
0.6805999875068665
0.6969999670982361
0.6979999542236328
0.692799985408783
0.7057000398635864
0.7184000015258789
0.7092000246047974
0.707099974155426
0.7055000066757202
0.7235000133514404
0.7258999943733215
0.7131999731063843
0.7311000227928162
0.7299000024795532
0.7236000299453735
0.7207000255584717
0.7318999767303467
0.7343999743461609
0.7455000281333923
0.7455999851226807
0.7455999851226807
0.7483999729156494
0.7458000183105469
0.7472000122070312
0.7460999488830566
0.7472000122070312
0.7462999820709229
0.7476999759674072
0.7475000023841858
0.7494000196456909
0.7480000257492065
0.7464999556541443
0.746399998664856
0.746399998664856
0.7477999925613403
0.7450999617576599
0.7465000152587891
0.7475000023841858
0.7462999820709229
0.7470999956130981
0.7473000288009644
0.7475999593734741
0.7461000084877014
0.7357000112533569
0.7368999719619751
0.7398999929428101
0.7307000160217285
0.7213000059127808
0.7418000102043152
0.7427999377250671
0.7419999837875366
0.7483999729156494
0.7355999946594238
0.7488000392913818
0.715399980545044
0.7441999912261963
0.7469000220298767
0.7405000329017639
0.7339999675750732
0.7351000308990479
0.7333999872207642
0.7532999515533447
0.7483000159263611
0.753600001335144
0.729699969291687
0.7285000085830688
0.743399977684021
0.7163000106811523
0.7620999813079834
0.7649999856948853
0.7674000263214111
0.7685999870300293
0.7684000134468079
0.7678999900817871
0.7662000060081482
0.7698999643325806
0.7670999765396118
0.7688000202178955
0.7717000246047974
0.7675999999046326
0.7670999765396118
0.76829993724823
0.7699999809265137
0.7675000429153442
0.767300009727478
0.769800066947937
0.7704000473022461
0.7686000466346741
0.770300030708313
0.7670000195503235
0.7680000066757202
0.7660999894142151
0.766800045967102
0.7303000092506409
0.4912000000476837
0.6083999872207642
0.747700035572052
0.6237000226974487
0.6373000144958496
0.6773999929428101
0.7651000022888184
0.7181999683380127
0.6470000147819519
0.6629999876022339
0.7052000164985657
0.7113000154495239
0.7546000480651855
0.6180000305175781
0.676800012588501
0.6843999624252319
0.6025999784469604
0.7095999717712402
0.5989999771118164
0.6100000143051147
0.7251999378204346
0.4838999807834625
0.6237000226974487
0.6471999883651733
0.7603999972343445
0.7717999815940857
0.7750999927520752
0.7740999460220337
0.7799999713897705
0.7771999835968018
0.7803999781608582
0.7807999849319458
0.7813000082969666
0.780500054359436
0.7827000021934509
0.7803999781608582
0.7818999886512756
0.7806000113487244
0.7776999473571777
0.7809000015258789
0.781499981880188
0.7806999683380127
0.7800000309944153
0.7795000076293945
0.7799999713897705
0.7797999978065491
0.7805999517440796
0.7793999910354614
0.7806000113487244
0.7783000469207764
0.7826000452041626
0.7773000001907349
0.7823999524116516
0.7744000554084778
0.7867000102996826
0.7894999980926514
0.7741000652313232
0.784000039100647
0.7864000201225281
0.785099983215332
0.7799999713897705
0.7833000421524048
0.7793999910354614
0.7878000140190125
0.7841000556945801
0.7770999670028687
0.7864999771118164
0.784500002861023
0.7833999991416931
0.78329998254776
0.7826000452041626
0.7827000617980957
0.7860000133514404
0.7792999744415283
0.7869000434875488
0.7878999710083008
0.7906999588012695
0.7894999980926514
0.7915999889373779
0.7935000061988831
0.7919000387191772
0.7920999526977539
0.7940999865531921
0.7932999730110168
0.7946000099182129
0.7929999828338623
0.795199990272522
0.7926000356674194
0.7937999963760376
0.7914000749588013
0.7915999889373779
0.7942000031471252
0.7933000326156616
0.7925999760627747
0.7936000227928162
0.7943000197410583
0.7943000197410583
0.7925000190734863
0.7926999926567078
0.7788000106811523
0.7803000211715698
0.7907999753952026
0.791700005531311
0.7879000306129456
0.7869000434875488
0.7961000204086304
0.7900999784469604
0.7879999876022339
0.7912999391555786
0.7879999876022339
0.7893000245094299
0.7779000401496887
0.7932000160217285
0.7975999712944031
0.7895999550819397
0.7911999821662903
0.7912000417709351
0.7910000085830688
0.7920999526977539
0.7924000024795532
0.7912999987602234
0.7888000011444092
0.7933000326156616
0.7886999845504761
0.7998000383377075
0.7996000051498413
0.7998000383377075
0.7994000315666199
0.7991999983787537
0.8009999990463257
0.8012000322341919
0.7998999357223511
0.8016999959945679
0.801800012588501
0.8019000291824341
0.8011000156402588
0.8019999861717224
0.801099956035614
0.801800012588501
0.8007999658584595
0.8012000322341919
0.8030999898910522
0.8012000322341919
0.8025000095367432
0.8012000322341919
0.8005000352859497
0.8013999462127686
0.8017999529838562
0.8023999929428101
0.7989000082015991
0.7922999858856201
0.7943999767303467
0.7918000221252441
0.7843999862670898
0.7940999865531921
0.7836999893188477
0.7939000129699707
0.7991000413894653
0.7992000579833984
0.7752000093460083
0.7874000072479248
0.7813000082969666
0.8020000457763672
0.8050000071525574
0.7958999872207642
0.7990000247955322
0.8021000623703003
0.7993999719619751
0.8034000396728516
0.7875000238418579
0.8029000163078308
0.7884999513626099
0.7926999926567078
0.8015999794006348
0.8136000037193298
0.8150999546051025
0.8141000270843506
0.8147000074386597
0.8145999908447266
0.8136999607086182
0.8130999803543091
0.8154000043869019
0.8127000331878662
0.8140000104904175
0.8162999749183655
0.816100001335144
0.8158999681472778
0.8148999810218811
0.8169000148773193
0.8177000284194946
0.8159999847412109
0.8152999877929688
0.8162999749183655
0.81659996509552
0.8151999711990356
0.8137999773025513
0.8152999877929688
0.8127999901771545
0.8141999840736389
0.7166000008583069
0.7488000392913818
0.741599977016449
0.7958000302314758
0.7675999402999878
0.7660999894142151
0.7811000347137451
0.7767000198364258
0.7156000137329102
0.7753000259399414
0.812000036239624
0.7430000305175781
0.6744999885559082
0.7554999589920044
0.8046000003814697
0.8000999689102173
0.7833000421524048
0.8005000352859497
0.8029999732971191
0.7869000434875488
0.763700008392334
0.7917999625205994
0.7676999568939209
0.7671999931335449
0.7869000434875488
0.8203999996185303
0.8211999535560608
0.8214000463485718
0.8224999904632568
0.8205999732017517
0.8221999406814575
0.8214999437332153
0.8246999979019165
0.8237000107765198
0.8233999609947205
0.8238999843597412
0.824400007724762
0.8224000334739685
0.8248000144958496
0.8237999677658081
0.8233000040054321
0.8251999616622925
0.8242999911308289
0.8233000040054321
0.8240000009536743
0.8242999911308289
0.8263999819755554
0.8226000070571899
0.826200008392334
0.8263999819755554
0.8137999773025513
0.8158000111579895
0.8177000284194946
0.8162999749183655
0.820099949836731
0.8197000026702881
0.8167999982833862
0.8223000168800354
0.8220000267028809
0.814300000667572
0.8199999928474426
0.8148000240325928
0.8187999725341797
0.8159999847412109
0.8210999965667725
0.820900022983551
0.8169000148773193
0.8222000002861023
0.8170999884605408
0.8171000480651855
0.8187000155448914
0.8188999891281128
0.8188000321388245
0.8131999969482422
0.8192999958992004
0.8241000175476074
0.8253999948501587
0.8246999979019165
0.8252999782562256
0.8273999691009521
0.8278000354766846
0.8271999359130859
0.8281999826431274
0.8282999992370605
0.8270999789237976
0.8267999887466431
0.8285000324249268
0.8281999826431274
0.8270000219345093
0.8279999494552612
0.8280999660491943
0.828000009059906
0.8276000022888184
0.8270999789237976
0.8295000195503235
0.8289999961853027
0.8286000490188599
0.8294000029563904
0.830299973487854
0.829200029373169
0.8217999935150146
0.81659996509552
0.8219000101089478
0.8228000402450562
0.8252999782562256
0.8233000040054321
0.8191999793052673
0.8216999769210815
0.8226000070571899
0.8206999897956848
0.820900022983551
0.8259999752044678
0.8261999487876892
0.8205000162124634
0.8245000243186951
0.8219000101089478
0.8228000402450562
0.8232000470161438
0.8206000328063965
0.8207999467849731
0.8238999843597412
0.82669997215271
0.8229999542236328
0.8287999629974365
0.8219000101089478
0.8305000066757202
0.8324999809265137
0.8321000337600708
0.8325999975204468
0.8321000337600708
0.8328999876976013
0.8313000202178955
0.8319999575614929
0.83160001039505
0.8322000503540039
0.8327000141143799
0.8339999914169312
0.8333999514579773
0.8333999514579773
0.8322000503540039
0.8338000178337097
0.8337000012397766
0.8351000547409058
0.834399938583374
0.8357000350952148
0.8327000141143799
0.8345999717712402
0.8357999920845032
0.8366000056266785
0.8350999355316162
LOSS
2.3019150676727294
2.273230581665039
2.2418952293395997
2.201863623428345
2.154998823547363
2.101172258758545
2.040055171585083
1.978292258644104
1.9182921175003051
1.8687977661132813
1.8219661222457886
1.773676120185852
1.7338297351837157
1.689887338066101
1.6580678422927857
1.6233752307891847
1.5939000883102417
1.5638541873931884
1.5256267782211304
1.4892904529571533
1.451826796722412
1.4243091653823852
1.387603577232361
1.3624026126861573
1.3211333518981934
1.3017831382751466
1.3018272375106812
1.3028024368286133
1.297576124382019
1.2782421447753907
1.2822171054840088
1.2786704013824464
1.2759418088912964
1.2751918972015381
1.2655262327194214
1.268877103996277
1.264770711517334
1.2576967792510987
1.2649165939331055
1.2480936519622803
1.2555256521224976
1.2532638681411743
1.249961575126648
1.2436719366073608
1.2385828269958497
1.2364421550750733
1.2284778299331665
1.2371539150238038
1.2241114894866942
1.228700082206726
1.251820214653015
1.2069554790496826
1.155367587661743
1.0998830951690675
1.0558356887817384
1.0013514947891236
0.9636247278213501
0.9221610448837281
0.8876720070838928
0.8367664712905883
0.815453865814209
0.7849342883110046
0.7497921511650085
0.729393402004242
0.6990116468429566
0.6891551022529602
0.6408104041099548
0.6234745151519775
0.6086317112922669
0.5805440048217774
0.5733651581764221
0.541672726726532
0.5306184184074402
0.5037497130393982
0.48889105253219606
0.46450508685112
0.4364318115234375
0.4389262602329254
0.42191203355789186
0.44077790536880496
0.42895523138046265
0.4239963480949402
0.4229853202342987
0.41255363569259645
0.4175374218940735
0.40440169167518614
0.3952616394519806
0.40755987129211424
0.3898939598083496
0.39446527886390687
0.39763098878860476
0.3855265553474426
0.38846985478401186
0.3818533763885498
0.3828592384815216
0.3769295724391937
0.391168768119812
0.3701095010280609
0.37576420183181763
0.37585738911628724
0.5648131158987681
0.5533214428106944
0.5162134210268656
0.5126224327405294
0.47918931891123456
0.46164756444295246
0.4407747378031413
0.4450307660738627
0.43159176088968915
0.3983179008165995
0.38026094473203026
0.37173891092936195
0.3567888081550598
0.35751156249046323
0.34194834173520405
0.33962661148707074
0.32329036774635317
0.30430621134440106
0.29671022969881694
0.2828661770661672
0.276941912762324
0.26568453809420267
0.26375696525573733
0.23993767863909404
0.2407283222516378
0.253193474539121
0.19903443705240886
0.1907082602262497
0.19948636183738708
0.1893364064693451
0.17120358270804087
0.1873072065194448
0.18137318638165792
0.17301889362335204
0.1705535074075063
0.17256845699151357
0.16717219201723735
0.1699992289463679
0.17108982402483622
0.1662969138622284
0.16565574628512064
0.16802637765407563
0.15810270181496938
0.15959840906461079
0.15885132807890573
0.16014843293825784
0.15040933566093445
0.14907790022691092
0.14880977828502656
0.15692517541249593
0.35584327626228335
0.3514646562576294
0.46186487197875975
0.3744770262479782
0.3261173494338989
0.37883732204437254
0.36048380641937255
0.3145332334637642
0.28396950330734255
0.3016687210083008
0.3217071904182434
0.29564931230545044
0.2709084547996521
0.2608713834762573
0.2315114375114441
0.2531785331249237
0.23695474801063537
0.24190234971046448
0.28264496788978577
0.2288426817417145
0.25334326095581056
0.2315949686050415
0.21902330169677733
0.3426234220504761
0.25490475807189944
0.3721545091629028
0.24946266622543334
0.21232062129974366
0.19664261198043823
0.18476510043144226
0.18086018857955932
0.16803733010292055
0.16773965229988097
0.15843656814098359
0.1544290892124176
0.16187748284339903
0.15263810682296752
0.15012049312591552
0.14613940296173095
0.14144676494598388
0.13656575279235839
0.142284295463562
0.1349301643371582
0.14510048141479492
0.13696618547439576
0.12786118412017822
0.1271749451637268
0.1284023609638214
0.12544879217147828
0.1183339195728302
0.2923008865118027
0.26788716418743136
0.2554269589185715
0.24596778897285462
0.21415830320835114
0.21879966650009156
0.2099346325016022
0.20353300055027007
0.19381256793498994
0.17911067076683043
0.17531247539043426
0.1685803664302826
0.16957619769096374
0.16137557026863097
0.14693412229537964
0.14724741512775422
0.14277598909378053
0.13844342923164368
0.1308866615486145
0.12861716049432753
0.129489395904541
0.12520806106090546
0.12411273820400238
0.1226677888250351
0.11314797701835633
0.09878125424861908
0.09306592163801193
0.08699668416500092
0.07863519291639327
0.07548727478742599
0.0789318368268013
0.07575656919717788
0.07015169591665268
0.07058987645864487
0.06966784985780716
0.07324215574026108
0.0634554284954071
0.0671830467557907
0.07054787322759629
0.06893548107624053
0.06412628311157227
0.06559274889945983
0.061062765789031984
0.06550758739709854
0.06375293563485146
0.06533774733662605
0.0589202417588234
0.06363818478584289
0.06131308343887329
0.060601620802879334
0.21724012246131896
0.2074854461034139
0.1900949177980423
0.18148504071235658
0.17343679248491922
0.16038985113302867
0.15743250538508097
0.14094311718940736
0.13567216230233511
0.14150427747567496
0.1325162790775299
0.13362324086030325
0.12125763549009959
0.12074756560325622
0.11612938476403555
0.11355773489872614
0.10896552488803864
0.10332246607144674
0.10647187706232071
0.09638831804593403
0.09244877287546793
0.0955489688316981
0.09306595911184946
0.08752622131903966
0.08979640264511109
0.08055682079394659
0.07089416663050652
0.06410943171183268
0.05685673468907674
0.053302647805213925
0.05742743680079778
0.052191249978542326
0.04919079896012942
0.05289898058176041
0.04993358333905538
0.05045076547463735
0.05021623009343942
0.04731963972846667
0.04659463792542617
0.046200741573174796
0.044012340783079466
0.04669874717394511
0.04285204958120982
0.04253567831118901
0.043359993316729864
0.042979744306206706
0.042136331303914386
0.04222547648151716
0.039363674773772554
0.04360735635757446
0.1887621459364891
0.17909531214237212
0.16725112462043762
0.15318020145722797
0.15437852860859463
0.14288937713418687
0.12845598031452723
0.12313114856311252
0.1309243436881474
0.12248198580060686
0.11442407803535462
0.12170882914066315
0.10965186983517237
0.1036826951095036
0.10397743890285492
0.0969195689031056
0.09185729258315904
0.08998216564655304
0.08762703730208533
0.08973038449798311
0.08652814412457602
0.08184629721300943
0.08703769192695618
0.07762904019015177
0.07740874648264476
0.06281950537988118
0.05998243737220764
0.05178012823292187
0.051049678500209535
0.048442192594068394
0.045984784831319535
0.04867495148437364
0.04444873531545911
0.042815590970005306
0.044697106682402746
0.04134757866518838
0.03730981603520257
0.040368234179701125
0.03815047474588667
0.038853184137599805
0.03921747307223933
0.04070906292200088
0.037572061883551736
0.040267759794848305
0.03710540536727224
0.03635665719594274
0.036740658462047576
0.03233920965875898
0.03552319183690207
0.03564335331405912
0.16671818718910217
0.1593396743774414
0.15824305057525634
0.13956777260303496
0.1330362461090088
0.1303890252828598
0.1251713725566864
0.11805945048332214
0.12189612054824829
0.1290349000453949
0.11376029173731804
0.09778583316802979
0.10653811501264572
0.11665327327251435
0.11149711134433746
0.09724164186716079
0.08905789339542389
0.09792940273880958
0.08989142553806305
0.08300627200603485
0.08026828031539918
0.09225041769742966
0.08259282698631287
0.0813293333530426
0.07942458856105804
0.08857438708543777
0.063240953707695
0.05972515850067139
0.05249947180747986
0.048627072381973266
0.045462555825710294
0.04746319000720978
0.04832090229988098
0.0458715029835701
0.04067373689413071
0.04407750650644302
0.03946872384250164
0.04142436162829399
0.03768629356622696
0.0405515666693449
0.03845278621315956
0.035140619683265685
0.03669356399178505
0.038093632376194
0.03603407987356186
0.03385872346162796
0.03308491650223732
0.035527591955661776
0.03639863971173763
0.03243644637465477
0.1401417169517941
0.13541047144201065
0.12479081909656525
0.11202650332980686
0.10706135882271661
0.09977525235679414
0.09364396153423521
0.09714446916580201
0.09291581706206004
0.08826853652795155
0.08265995409753588
0.07791436371008555
0.08310300978422165
0.07130586978528235
0.07722266598012713
0.07304727360208829
0.072383734884527
0.06775419760545094
0.06699028193553289
0.06728661176628536
0.05970988170835707
0.06746648739377657
0.06564654364056058
0.0650998594350285
0.05809647830194897
0.04669332706530889
0.04297029865980148
0.038136613101429406
0.035988374521334965
0.033445885746346576
0.03414897301660644
0.03316619532638126
0.03463529825343026
0.030125278851721022
0.03136165696779887
0.030650189027521344
0.030132562853892646
0.030903150518072978
0.02789016230271922
0.032353051139248745
0.029889212923414177
0.02781513926519288
0.02630305121474796
0.026121985719601313
0.024289766794774268
0.025235789917906124
0.026090616355836392
0.02534703584578302
0.022449898177219763
0.024272104350394674
0.1377681874513626
0.12405534851551056
0.11226819716691971
0.10625807526350022
0.09704711463928223
0.0975491697025299
0.09242273703575134
0.0879843279337883
0.08608426962614059
0.07815193099498749
0.0812203487944603
0.0790871665251255
0.07496390108585357
0.06888945751905441
0.06817706727743149
0.0667336798620224
0.07005244386911393
0.06159716962099075
0.06369404755353927
0.06076322331547737
0.06397372784972191
0.0551279873201251
0.05934361531376839
0.057896632529497144
0.056230455863475796
0.04604393175244331
0.039127523329257966
0.035054978563785553
0.034988601336479186
0.03410703372418881
0.03278513408660889
0.029921199116706848
0.03274911856621504
0.0315575956428051
0.02978224428296089
0.028095170533657073
0.02890545711144805
0.02526929740548134
0.024286405783891678
0.02589266548871994
0.026696324561834336
0.024677224029302596
0.023780356330275535
0.025020524789094924
0.02347627478837967
0.023459736323356628
0.0227000182056427
0.023380182061195375
0.022239164376854897
0.02253096519112587